$ANSIBLE_VAULT;1.1;AES256
64636133646333616439353232303639646337356432386362643236303062363565376134366363
3138396435343936323933346139663333613433656437640a313631383336363433396330333362
64636436363234383961613165343565613764313764336362346534633963393937363465303965
3530356634656532630a316361303639626333656566366539356335363937373564653031663565
38313835333031376461323963376366306462303864383331323133393730303038653231323034
64373534666637313766636531656636343934623064333465326633613333313238306632383961
33623335633836663535316139316639343865643763386236643563316564656439343162333231
38323839353037353363343837613363396132643634653361336362316236353163393438653337
37623637376265313363383039663732373766393932383832356332663531396264633931636432
33633435383366343035613161343963663961636665393836666533353939396431653435636563
34616666336166393433636661313664363165373935646331623264313730373263383066326435
36653933396566333732356139313561323938666465333239636337366237346561373033363934
33613736386665346635346638623430333161393663383131653935313531643431373962613933
65633239613363613331633039663265613563663835616465653731663864353032333230653963
65623534303930346237626465613239353161326536633465626238633665353962626330326138
38626233306163343363316164663133303137363264613963636434646364303632383937313537
36616137643637383034643864656630643365616162376462313164666635346164343562616261
31653830386535383266636630393865386165653935656633373962313035326263623363646133
30353630613335323766316236333662396161306537653465363462393562623665613331363038
33303832356130306330383266376264626633373735376436326435663763656665623365643361
66643862333933666534336161313135383531626535393831643034396531663935646238373534
37393038633437363865626537363266343462343365383961326437656335373635303861383261
33366364633464633939343431366531333966373663633962393766363234316265653133616235
33313838653630646434313861346338396238633463646264333365613536653336653264303865
38316633663135323862626238656161383666383063623635626138333131656161363535623565
32303134363636326333653037353764663835323265613934326662373865646663653537303135
34333561626535663231353566653134643330633038616534376261323832313763653232396534
64393331636133633432653336386632326262356238656231636663653539616266386135303965
3837
